28
91
100
107
120
102
63
111
115
94
119
60
56
64
56
70
44
62
102
118
25
25
16
36
32
135
140
135
135
126
54
110
54
115
94
101
98
103
58
67
39
31
79
6
6
14
40
14
14
14
102
119
131
106
130
22
22
22
22
22
4
4
4
4
4
31
31
31
31
20
13
13
13
13
13
65
104
65
77
119
15
8
15
21
15
24
51
51
6
53
48
48
48
48
48
34
34
34
28
34
6
6
6
6
6
14
14
14
14
8
2
2
20
38
20
25
20
41
2
20
12
6
12
12
12
4
4
4
4
4
2
2
11
6
11
152
152
180
180
182
180
182
182
182
182
142
142
142
142
142
111
111
111
111
111
87
87
110
110
110
179
179
179
179
179
120
120
120
120
120
119
170
170
170
121
62
24
135
6
17
17
17
17
26
2
22
38
22
29
22
16
11
38
72
11
77
32
7
7
7
7
7
5
5
5
5
5
9
9
9
9
9
10
10
10
10
10
7
7
7
7
7
6
8
8
8
8
6
48
48
16
48
48
4
4
4
4
4
7
7
37
30
7
4
4
4
4
4
7
4
4
98
111
58
91
98
98
85
104
64
119
60
57
57
57
57
79
79
79
79
79
73
75
3
62
73
93
56
56
56
62
73
53
90
4
64
61
92
92
5
49
99
6
38
38
32
32
40
19
36
87
36
36
33
33
33
33
38
32
30
30
30
19
24
24
24
24
37
37
37
37
33
29
29
29
29
29
22
22
22
22
22
45
45
45
45
45
32
32
29
32
27
27
27
25
33
33
33
27
27
38
38
39
39
38
34
38
39
31
36
36
36
36
36
17
19
17
14
26
26
39
39
26
19
33
19
19
19
26
12
26
26
26
34
34
17
34
34
36
36
36
36
11
33
28
33
33
31
28
26
28
33
22
23
22
22
22
22
23
23
23
23
18
23
23
32
32
32
32
32
27
27
27
27
27
26
26
26
22
26
39
39
39
39
32
32
32
32
32
33
8
33
33
29
34
21
28
34
29
26
26
26
26
21
21
21
21
17
21
24
24
24
24
24
23
33
23
23
33
33
33
33
23
23
43
30
30
30
30
29
29
29
16
29
32
32
32
32
32
27
27
27
27
27
36
36
36
34
29
27
27
27
27
27
16
9
20
20
20
23
23
27
27
23
27
27
23
3
23
38
38
38
38
38
30
36
36
36
26
12
26
9
21
21
26
26
26
10
13
8
19
19
19
38
38
19
38
38
38
33
33
33
33
33
22
22
22
22
22
32
32
32
26
32
18
14
18
18
19
23
16
20
23
29
27
27
27
27
27
29
29
29
24
29
21
21
21
21
21
29
29
29
29
29
26
26
26
26
26
22
22
22
18
5
31
31
31
31
5
27
24
17
27
26
4
13
13
13
13
13
13
13
13
13
7
12
31
31
31
31
31
25
2
25
25
25
36
36
36
36
36
27
33
29
26
33
24
20
24
24
24
29
29
29
29
12
29
34
34
34
25
34
34
31
16
30
31
24
26
26
19
26
14
26
26
26
26
26
23
24
24
24
24
24
16
21
17
21
21
12
18
18
18
18
18
21
25
25
25
25
27
27
27
27
27
20
20
20
20
13
17
21
14
21
21
19
19
31
19
19
19
31
31
31
31
27
27
15
27
27
27
23
23
20
20
20
23
23
20
23
20
11
17
27
27
27
21
23
23
21
23
23
13
22
22
22
22
22
24
24
24
24
24
17
17
17
17
17
18
19
23
23
4
23
22
22
22
22
22
25
19
25
25
16
27
27
27
27
22
32
32
32
32
32
24
29
29
24
26
29
17
17
17
17
17
17
17
10
11
17
20
20
20
20
20
28
28
28
28
28
11
11
11
11
11
24
24
20
24
24
8
16
16
16
16
16
24
24
19
24
24
13
20
27
27
27
27
20
20
20
10
20
25
25
25
25
25
16
16
16
16
16
19
14
21
4
6
16
20
20
20
20
26
13
20
20
20
20
20
27
27
27
27
27
14
25
25
25
29
29
29
29
29
4
17
10
10
25
25
25
25
25
10
10
10
36
36
36
36
36
2
27
27
21
27
27
20
20
20
20
20
26
26
26
26
26
23
23
23
23
23
21
21
21
21
21
10
10
7
10
10
14
12
12
9
12
7
16
16
16
16
16
16
16
16
16
16
17
7
10
15
15
15
15
19
19
9
19
19
19
16
16
16
16
23
28
24
28
28
28
13
13
13
13
13
16
16
16
16
16
19
18
19
7
17
21
21
21
21
21
8
4
8
8
8
20
20
16
20
20
9
21
15
17
21
21
28
28
28
20
28
20
20
20
20
20
16
10
16
14
11
5
23
23
23
13
23
15
15
30
16
8
15
23
23
23
23
23
16
16
16
8
10
11
11
11
11
11
11
28
17
28
28
28
14
26
10
16
10
21
26
10
10
6
16
15
10
15
15
15
26
26
26
26
26
12
12
12
12
12
3
3
14
3
3
3
19
19
19
19
19
24
24
24
24
24
27
27
27
27
7
16
16
5
16
16
18
10
18
18
18
20
20
20
20
20
20
20
20
20
20
19
19
19
19
19
25
9
7
9
9
6
27
27
27
27
27
13
13
13
13
13
16
25
25
25
13
13
13
7
1
13
13
27
27
27
25
24
12
12
12
12
10
18
18
13
12
18
18
11
11
11
11
11
8
8
5
8
8
12
12
12
12
12
23
23
23
23
23
11
11
8
14
11
11
31
19
23
31
31
14
14
14
14
14
15
15
15
9
15
20
20
14
20
20
19
17
19
19
14
19
19
19
19
19
16
16
16
12
10
22
22
22
22
22
7
7
7
7
7
19
19
19
19
19
10
10
10
10
10
28
23
23
23
23
21
21
21
21
21
23
23
23
23
23
20
16
18
20
20
18
18
18
18
18
18
18
12
18
12
11
11
11
11
13
4
19
19
19
5
19
24
24
24
24
24
15
12
17
17
17
17
13
23
23
23
23
18
18
18
18
18
20
20
20
20
20
5
11
11
11
11
16
16
16
16
16
16
16
16
16
16
11
11
11
11
6
17
11
9
17
17
17
9
9
9
9
9
10
10
10
6
10
23
23
23
19
23
22
22
22
22
22
13
13
13
13
13
19
14
19
19
19
23
27
27
27
15
3
5
5
5
5
5
12
21
12
12
12
6
12
12
19
19
19
19
24
24
24
24
24
6
18
18
18
18
18
22
22
20
22
22
19
15
15
8
15
15
12
12
12
12
12
11
11
11
11
11
11
11
11
11
22
22
22
19
22
11
11
11
11
11
11
11
11
11
11
20
12
12
12
9
12
10
12
12
12
12
12
22
18
22
22
22
12
12
12
12
12
9
9
3
9
9
18
18
18
18
18
15
17
21
21
21
21
14
21
21
14
21
14
14
14
14
14
8
8
4
8
8
10
10
10
10
10
9
13
13
7
13
13
8
8
8
8
8
18
18
10
18
18
10
6
10
10
10
4
4
4
4
4
4
11
11
3
11
11
6
6
6
6
6
9
3
9
9
9
9
9
7
9
9
11
20
17
20
17
5
20
20
20
20
20
12
12
12
12
12
11
11
11
11
11
11
11
11
11
11
11
4
4
4
4
4
13
13
13
13
13
11
6
11
11
11
10
16
10
10
10
10
21
21
16
12
16
11
21
16
21
16
4
18
18
18
18
18
12
12
8
12
8
13
13
13
13
5
19
19
19
19
19
18
13
18
11
18
9
9
9
9
3
13
13
13
7
13
10
10
10
10
10
9
12
6
12
12
10
10
10
10
6
6
8
11
6
11
11
11
11
10
19
19
19
19
19
8
8
8
8
8
6
6
4
6
6
12
12
12
12
12
10
10
10
10
10
12
15
15
15
15
10
15
8
8
8
8
8
21
21
21
21
21
11
11
11
11
11
7
4
4
4
4
4
19
14
19
19
19
13
13
13
13
9
18
18
18
18
18
8
7
7
7
7
7
8
8
8
8
8
2
8
8
12
8
8
7
12
12
10
9
5
7
7
7
7
7
9
9
9
9
9
14
14
14
14
14
19
19
19
19
19
18
18
12
18
13
9
9
9
9
9
15
15
15
15
15
9
9
9
9
6
14
14
14
14
14
14
14
14
14
14
7
12
12
9
12
8
19
19
13
19
19
8
14
14
14
14
5
5
5
5
5
10
10
10
10
10
13
13
13
13
13
7
9
9
9
9
9
14
14
14
14
14
6
6
6
6
6
10
10
10
10
10
16
16
6
16
16
16
7
7
7
7
7
8
8
8
8
8
16
16
16
16
16
11
11
11
4
11
15
15
15
10
15
15
10
10
4
4
10
10
15
15
15
10
10
15
10
10
10
15
15
15
15
11
15
12
12
12
12
15
15
15
9
12
15
13
20
12
20
20
10
10
10
10
10
9
8
8
8
8
8
11
11
6
11
11
4
9
9
9
9
10
10
10
10
4
10
10
10
10
11
5
10
10
5
10
10
10
5
5
5
5
5
9
9
9
5
9
14
14
10
14
14
12
12
12
12
12
7
7
4
4
7
16
16
16
16
10
9
9
9
9
9
8
8
8
8
8
9
9
9
9
9
5
5
5
5
5
5
3
6
7
7
7
7
7
6
6
6
6
6
6
6
6
6
6
6
8
8
8
8
8
7
6
6
6
6
6
6
6
9
9
9
9
9
7
7
7
7
7
7
7
7
7
7
7
12
12
15
12
12
12
7
6
12
6
6
6
6
6
5
5
5
5
5
5
5
5
5
5
5
13
13
13
13
13
9
9
9
9
9
10
10
10
5
10
10
10
5
5
5
5
9
9
7
10
10
10
9
10
9
9
3
6
8
10
6
6
6
6
6
10
5
4
5
2
7
11
11
11
11
8
4
4
4
4
4
10
10
10
10
10
9
9
9
9
9
10
10
10
10
10
8
5
5
5
5
5
9
9
9
3
8
8
8
8
9
6
11
11
11
11
11
5
11
11
11
11
11
5
5
5
5
5
11
6
11
11
11
8
8
8
8
8
4
8
8
8
8
8
10
10
10
10
10
5
3
3
3
3
3
7
9
10
10
9
9
9
10
10
9
10
6
6
6
6
6
5
9
9
9
9
9
8
8
8
8
8
9
9
9
9
9
4
12
12
6
12
12
4
9
5
4
4
4
4
4
9
9
9
9
9
9
9
9
9
9
4
5
8
8
7
8
8
8
8
8
5
5
5
5
8
8
5
8
6
11
4
4
3
5
5
8
8
8
8
9
9
9
9
9
11
11
11
11
11
6
6
6
6
6
10
7
4
7
7
4
7
6
4
4
4
4
4
3
9
9
9
9
9
2
3
4
4
4
4
4
4
8
8
8
6
8
2
6
8
3
6
6
6
6
6
2
2
2
2
2
3
3
3
8
7
7
7
7
7
7
5
5
6
6
6
6
6
6
5
5
5
5
5
4
4
4
4
4
8
8
8
8
8
5
5
5
5
5
8
6
2
6
6
5
5
5
5
5
5
5
5
5
5
5
4
4
4
4
4
5
5
5
5
5
5
6
6
6
6
6
4
4
4
4
4
4
5
5
5
5
5
5
5
6
3
4
4
4
4
4
6
6
6
6
6
3
3
3
3
3
5
5
5
5
5
4
4
4
4
4
5
5
5
5
5
4
5
5
5
5
5
6
5
5
5
5
5
4
3
3
3
3
3
4
4
4
4
4
6
6
5
5
5
5
5
6
6
6
6
6
5
5
5
5
5
5
2
5
5
5
5
5
6
6
6
6
6
5
5
5
5
5
6
6
6
6
6
5
5
5
5
5
5
6
6
6
6
6
5
6
5
5
5
5
5
3
3
3
3
3
3
4
6
2
51
86
57
48
51
48
48
51
51
48
9
82
82
65
82
16
16
88
16
16
97
85
85
85
85
81
43
81
81
81
93
93
93
93
93
90
90
90
90
73
73
56
56
56
56
51
52
67
27
67
67
67
67
67
97
97
97
27
97
97
27
27
75
75
75
47
63
63
57
57
57
57
57
51
51
14
14
30
30
14
4
4
4
17
4
62
38
30
30
46
30
23
12
30
46
46
46
49
49
49
19
35
28
35
35
16
44
42
11
11
11
11
11
42
42
42
42
25
36
36
18
36
36
16
16
16
16
16
6
6
6
6
6
16
38
38
38
22
38
9
26
18
20
20
23
23
23
23
23
10
10
10
10
10
19
19
21
21
21
19
19
19
10
19
13
32
32
32
25
25
12
12
12
12
8
13
13
13
13
9
8
4
8
8
8
17
9
9
9
17
17
9
9
17
9
4
8
8
8
8
7
7
7
7
7
8
8
8
8
8
8
8
8
8
8
7
7
7
7
7
10
10
10
10
10
7
7
7
7
7
8
8
8
8
8
4
4
4
57
57
57
57
57
15
23
18
18
13
16
16
16
16
16
20
20
20
20
20
7
17
13
13
13
7
7
7
7
7
18
18
18
18
18
14
14
14
14
14
16
13
13
13
13
13
19
19
19
19
19
10
10
10
10
10
12
12
12
12
12
6
6
6
6
6
8
7
7
7
7
7
9
7
7
7
7
7
8
9
9
9
9
9
5
5
5
5
5
7
7
7
7
7
7
7
10
10
9
9
9
9
9
7
7
7
7
7
7
7
7
3
7
8
8
8
8
8
10
10
10
10
10
4
5
4
4
4
4
4
4
4
4
4
4
4
51
51
51
51
51
33
33
33
33
33
25
25
25
25
25
50
50
50
50
50
86
109
60
109
86
51
51
70
43
35
43
54
43
37
54
55
55
55
55
55
16
28
16
16
16
73
73
73
73
23
54
49
27
27
27
27
27
27
27
27
27
27
17
17
17
17
17
17
17
17
17
17
28
28
23
23
80
80
80
80
80
69
69
69
69
69
78
78
78
78
78
104
104
104
104
104
34
34
34
34
34
52
52
52
52
52
50
58
58
58
58
33
33
33
33
33
86
36
86
24
16
16
16
16
26
15
15
15
15
15
9
9
9
14
14
14
14
12
12
12
12
12
8
5
9
9
9
8
8
5
5
6
6
6
6
4
45
45
45
45
45
38
38
38
38
38
30
30
30
30
30
35
27
27
27
27
81
81
54
54
54
54
54
81
81
81
16
55
55
55
55
55
35
23
35
35
35
23
23
23
23
23
21
21
21
21
21
21
21
21
21
21
56
56
56
56
56
11
11
11
11
11
11
11
11
11
11
53
39
39
13
13
13
16
16
16
16
16
27
33
27
27
33
27
33
27
51
51
51
59
51
51
22
22
22
16
16
16
16
39
39
39
39
39
11
11
11
11
11
32
32
32
32
32
17
17
17
17
17
12
12
12
12
12
9
9
9
9
31
31
31
31
31
17
17
17
17
17
7
7
7
7
91
91
91
91
91
73
73
73
73
73
87
87
87
87
87
83
83
83
83
83
42
46
42
42
42
28
28
28
28
28
34
34
34
23
34
30
30
30
30
30
24
24
24
24
24
14
14
14
14
14
20
18
20
20
20
18
20
18
18
18
24
26
24
24
26
26
24
26
24
26
35
29
29
35
29
29
29
25
15
35
26
72
72
72
72
72
59
59
59
59
59
49
49
49
49
49
58
58
58
58
58
17
17
17
17
17
24
9
9
9
13
31
31
31
18
31
23
25
28
28
25
36
36
23
23
36
23
36
23
36
23
11
13
7
7
7
7
7
6
6
6
6
7
3
7
7
7
4
4
4
4
4
4
4
4
7
7
7
7
7
30
33
33
30
33
33
30
33
30
30
22
29
22
26
22
9
29
22
22
29
23
7
7
7
7
7
12
12
12
12
12
5
5
5
5
5
10
10
10
10
10
10
16
16
16
16
16
6
6
6
6
6
