2670
6050
2433
1867
2438
6882
2695
5602
442
3483
1612
3613
2531
5071
1753
2205
3019
3228
5970
1623
1894
4219
4404
7125
5852
3133
3790
3863
1662
3590
4851
4499
3505
3006
3433
3826
9184
701
4526
4923
1691
6797
2964
2460
1245
4392
2932
5766
4403
5967
975
2515
2056
5204
1957
1785
5261
3740
1682
2962
2515
2528
2450
6184
1398
4608
2427
2957
6450
2842
4727
4980
4308
1963
4212
8298
5071
1067
2669
1397
2385
2518
3055
1932
743
844
3291
2583
2347
3538
2870
1047
2957
38
1049
3088
2418
2503
5014
2507
2530
3507
925
5983
2010
2245
311
3488
4907
5555
5256
1158
100
