486
94
57
44
481
93
158
158
78
129
185
285
399
128
691
87
305
101
593
342
861
192
269
270
75
345
190
463
223
1064
334
229
267
43
715
242
183
928
450
146
442
33
34
303
718
1327
1030
146
793
447
204
283
175
220
184
128
376
298
110
809
573
290
367
676
862
390
344
125
121
828
1738
998
855
707
615
348
916
776
223
280
406
257
265
230
516
104
573
204
158
349
478
289
291
182
517
617
496
536
403
322
281
49
156
64
64
47
43
85
746
210
141
64
49
109
310
139
327
288
77
85
92
271
176
182
39
522
54
58
247
194
379
276
1366
182
1208
560
246
66
284
104
286
489
159
104
76
228
118
452
130
418
292
94
137
90
473
293
174
188
219
74
135
99
313
46
661
252
308
65
78
1199
394
894
556
24
232
23
117
390
993
1502
298
1001
728
30
169
124
132
168
25
91
339
124
59
124
268
156
211
139
107
36
113
497
1
397
206
291
225
506
645
173
799
48
117
110
100
366
60
254
105
720
64
133
43
71
4
19
23
536
818
405
208
81
133
427
144
449
111
658
204
78
268
206
249
50
44
222
31
34
275
358
175
535
409
56
227
156
452
564
79
492
671
427
613
491
525
135
232
189
59
22
16
53
14
263
467
80
41
238
198
304
736
370
517
381
889
778
639
324
344
377
251
113
88
515
203
231
204
9
45
673
1182
54
219
196
247
361
108
148
146
245
149
30
83
37
11
105
354
675
128
101
87
129
40
86
741
895
299
98
566
155
121
76
40
79
326
709
571
560
457
352
554
731
332
178
331
142
450
74
31
433
272
511
53
310
41
10
84
129
85
233
163
20
21
145
42
959
266
682
573
405
656
108
223
431
203
1495
87
35
284
66
1242
551
1045
164
651
890
98
455
109
230
479
75
80
207
1246
473
438
1065
81
26
188
171
170
703
178
212
384
381
48
257
109
79
238
625
766
327
73
31
247
669
66
58
126
29
241
336
239
73
103
93
113
53
246
106
318
59
1638
106
611
61
556
216
463
184
377
37
75
13
168
764
420
121
370
72
86
344
87
161
108
273
148
783
422
171
348
105
172
719
955
182
345
335
93
273
1204
176
491
97
425
582
477
184
522
152
341
59
329
360
597
298
1526
1025
155
476
220
142
170
128
155
104
171
768
59
154
397
1631
178
830
560
751
528
316
180
314
21
61
27
171
245
275
556
632
224
107
348
112
102
108
93
83
47
86
141
325
783
554
389
117
167
202
137
219
313
48
67
514
319
122
132
58
18
361
298
106
263
90
104
11
917
100
74
77
78
77
113
54
23
106
155
121
26
337
49
271
129
417
96
15
115
18
522
154
233
699
199
46
130
286
324
50
1011
322
168
150
113
126
137
109
794
1025
168
243
327
63
186
658
312
843
519
667
335
143
596
389
179
286
35
357
1055
619
110
232
392
367
80
151
85
200
89
210
324
435
125
2
312
127
272
149
147
431
77
57
38
169
44
214
267
128
25
70
10
167
143
291
534
240
169
316
294
359
106
208
496
881
1081
515
711
334
42
246
334
184
311
415
222
217
498
104
116
102
278
149
209
267
416
175
248
203
121
114
42
96
78
35
19
291
591
271
401
115
76
142
337
91
54
135
48
3
206
286
312
231
305
379
9
6
126
42
619
404
125
716
97
155
40
19
66
130
153
76
344
315
963
82
149
149
259
89
265
43
78
97
125
82
52
375
264
183
162
140
46
143
80
135
48
305
451
60
193
55
54
19
688
91
65
69
28
123
17
114
346
511
123
1010
308
174
126
248
435
70
389
8
99
56
217
644
173
248
260
366
99
285
134
38
30
96
113
95
327
300
32
29
168
62
114
220
30
309
160
332
39
75
214
225
266
120
110
445
23
395
333
179
415
23
527
710
558
630
1286
120
137
163
410
113
169
143
366
861
163
168
267
151
151
208
148
289
276
297
69
188
327
125
54
156
128
260
64
70
191
38
92
82
30
27
132
129
85
853
138
4
146
565
143
94
375
212
244
121
77
79
106
120
100
17
26
157
83
154
4
13
94
269
186
37
152
147
43
19
151
237
108
274
207
944
170
430
93
126
206
79
202
95
142
14
51
61
211
49
226
271
358
46
85
597
135
169
173
38
18
20
133
168
378
209
17
117
226
90
406
366
438
259
226
274
431
138
87
181
694
116
250
132
40
22
48
154
741
68
93
57
82
24
92
339
1090
151
165
73
48
95
376
230
76
11
209
92
137
354
21
328
26
428
408
179
30
1173
176
492
270
325
44
270
60
127
107
275
176
40
6
291
157
45
328
29
441
5
35
678
558
433
3
202
118
111
342
36
28
23
138
32
120
151
96
103
57
105
124
87
163
130
108
37
50
51
63
12
130
184
29
131
182
131
199
396
346
379
414
132
340
160
448
145
467
50
72
378
114
204
44
47
57
375
162
548
362
500
425
10
122
23
2
169
205
380
1225
390
68
36
25
83
126
46
106
93
76
66
2
12
79
711
157
512
34
258
90
281
122
19
261
143
457
239
152
35
413
209
440
365
156
18
356
135
65
179
213
684
85
194
172
175
254
85
90
26
82
331
377
290
120
62
152
485
133
263
104
1232
103
903
404
735
43
243
195
257
126
468
173
934
875
222
201
18
153
106
116
79
125
90
260
305
52
305
75
863
123
513
58
258
42
262
375
124
69
189
188
957
154
83
157
563
394
220
511
271
547
149
476
367
670
287
196
480
509
196
92
86
142
167
196
58
443
103
155
294
331
55
387
13
302
169
108
538
462
21
97
46
233
436
954
159
37
298
665
754
231
387
581
626
408
386
677
238
86
319
280
318
150
12
172
444
66
343
1179
268
271
102
72
32
35
49
31
83
214
81
180
208
283
129
60
184
153
425
148
168
246
11
79
567
491
266
335
691
298
96
114
182
339
280
215
383
978
56
84
107
86
61
320
371
265
74
835
175
151
75
832
143
792
320
133
132
231
270
1094
117
342
59
41
145
776
167
148
244
642
457
296
192
363
356
223
41
11
38
108
23
259
526
58
201
60
214
104
48
116
442
14
143
31
34
57
253
92
105
57
86
27
44
143
139
81
169
414
80
177
222
224
223
40
80
188
95
43
118
24
12
61
15
466
741
62
161
130
69
87
24
111
866
177
131
2
219
451
761
538
6
83
182
154
88
138
93
85
8
152
148
173
135
45
172
429
296
155
35
8
627
61
92
588
57
216
118
453
338
50
104
264
491
148
202
178
169
83
302
120
909
287
96
91
49
92
43
111
215
401
369
117
3
36
41
99
102
23
67
126
41
845
39
37
148
216
145
217
16
63
41
221
191
211
105
199
622
263
154
275
572
131
219
361
199
48
293
61
73
55
90
238
330
472
109
116
258
306
145
479
56
580
193
524
72
195
345
8
128
99
26
35
3
518
541
696
324
264
245
38
115
477
294
76
24
75
103
244
88
37
409
226
74
264
575
137
33
127
80
45
76
11
233
185
174
355
159
103
471
333
376
180
473
111
213
96
242
81
49
164
179
236
132
117
118
149
137
60
231
158
94
37
149
82
264
1145
102
163
90
59
127
461
147
271
91
181
401
623
429
285
132
314
446
67
25
490
67
358
147
326
189
305
184
165
212
100
62
100
37
194
26
347
26
140
249
170
61
178
151
142
40
139
342
255
114
193
162
264
610
63
21
1228
186
84
158
284
31
143
166
5
276
329
278
80
96
361
123
383
233
150
260
300
44
323
104
144
30
86
104
136
19
31
84
86
57
102
148
182
87
451
100
134
481
62
217
80
50
189
152
456
224
234
20
522
512
45
37
29
334
225
303
81
202
41
384
5
33
431
231
539
623
39
330
598
78
124
441
258
18
14
51
447
101
528
228
139
144
78
138
87
132
14
127
171
98
988
125
2
130
155
99
342
48
209
65
180
59
230
88
94
135
166
93
5
154
35
35
157
76
174
144
274
138
28
152
8
711
152
300
83
147
131
72
100
28
27
76
304
329
99
49
123
19
179
36
139
35
172
39
22
16
49
446
12
149
133
204
64
55
187
236
191
36
33
96
158
166
162
115
343
14
158
154
276
114
23
74
117
22
218
98
30
427
129
310
120
35
314
269
543
58
132
142
144
234
1
19
187
114
93
11
123
61
23
292
80
109
84
81
74
37
312
422
685
125
125
118
43
374
106
274
442
70
58
37
99
29
49
86
78
48
56
128
58
4
30
42
30
278
316
24
814
661
78
266
70
376
292
68
105
324
417
49
32
84
165
30
61
131
69
188
211
48
37
16
44
213
60
196
363
522
180
80
4
49
44
140
63
104
24
75
48
113
96
243
55
384
402
74
303
273
349
269
262
188
72
134
313
56
195
90
206
139
75
112
112
161
23
195
40
169
34
93
32
64
30
102
28
109
64
15
33
13
263
109
59
71
238
99
16
65
52
201
820
42
108
565
89
71
212
97
209
188
234
85
124
354
172
260
112
127
461
164
68
275
310
122
386
205
337
112
242
48
57
45
56
72
112
373
147
753
70
140
179
69
134
71
207
195
119
298
347
302
101
126
26
2
78
265
39
53
160
112
12
196
92
216
186
8
223
175
203
28
316
81
100
45
164
165
191
518
37
197
66
171
56
23
19
33
221
389
143
847
136
73
155
52
15
32
32
50
327
89
181
102
372
12
103
39
71
143
445
114
15
125
63
158
222
145
313
134
130
210
118
207
120
11
32
116
43
174
68
39
43
307
125
82
374
36
110
133
90
378
489
166
127
414
11
197
37
34
20
34
23
704
132
38
19
587
93
141
87
241
669
33
37
101
98
38
323
41
38
103
509
69
16
26
266
204
59
162
88
23
755
44
28
153
12
117
3
53
174
118
131
121
144
125
24
27
235
502
171
200
139
303
117
76
103
119
101
57
178
123
87
60
15
3
6
11
400
42
129
69
142
233
62
88
38
162
115
237
83
256
150
154
80
230
58
26
86
56
134
433
67
255
233
311
135
194
223
324
181
260
51
213
134
200
107
531
288
333
57
99
78
189
99
57
184
80
21
20
163
140
237
124
27
97
172
252
207
78
43
556
65
287
143
200
83
62
461
80
194
248
54
112
54
98
94
82
147
306
313
485
247
613
126
142
136
129
21
120
312
159
243
113
229
130
45
150
4
78
86
136
242
41
184
166
69
161
141
174
177
194
290
158
340
205
48
294
357
95
223
95
150
40
291
118
44
424
131
171
155
519
141
200
127
38
5
58
77
151
36
263
166
438
187
61
51
98
464
351
35
396
61
100
31
144
374
147
29
22
32
263
32
281
186
165
41
137
204
164
247
376
198
192
277
248
296
192
291
392
92
419
160
371
69
821
79
13
20
32
34
73
88
321
161
194
119
30
154
600
122
147
209
193
205
136
155
134
141
128
30
100
100
110
244
161
142
740
376
135
47
321
217
144
179
77
98
147
43
55
98
50
91
150
518
345
163
113
267
298
263
80
78
24
117
334
43
467
104
120
49
13
46
4
261
265
279
50
103
53
18
181
163
278
93
56
363
75
283
97
142
5
182
483
118
181
58
38
250
72
269
181
113
86
86
201
84
154
17
52
136
27
133
61
31
53
96
56
97
14
117
76
5
41
85
178
111
231
228
75
36
56
34
29
31
64
164
174
55
251
101
89
62
24
227
136
127
126
193
114
18
125
25
594
149
74
189
515
461
91
36
23
190
354
46
122
346
29
8
55
120
156
131
218
22
366
202
100
265
130
260
60
215
154
92
226
435
30
173
90
99
72
110
105
62
63
55
88
21
102
292
172
217
189
101
147
21
45
113
188
30
74
103
18
252
183
143
81
49
46
63
241
69
64
21
42
197
47
149
126
103
46
79
15
144
37
318
62
112
33
59
193
182
37
112
150
97
176
38
194
208
411
170
73
118
106
111
50
41
83
22
519
135
264
195
90
212
23
18
165
44
337
223
20
546
256
104
44
33
437
84
82
153
72
49
208
78
132
98
256
90
50
99
29
28
32
109
144
75
68
147
52
226
89
97
133
37
343
185
341
87
72
128
9
2
78
131
157
18
12
13
251
106
83
305
82
73
30
169
114
416
68
384
27
80
122
36
185
211
53
472
625
47
9
49
232
139
89
29
49
346
104
147
331
381
496
83
25
33
91
76
111
34
98
65
242
235
36
74
105
88
215
95
23
156
77
193
90
170
57
106
55
232
86
172
236
6
14
71
247
105
143
25
82
90
42
127
107
225
149
130
28
30
19
138
139
104
262
117
272
74
95
15
50
1
3
1
6
25
264
228
174
77
153
218
131
13
98
5
224
236
171
69
205
79
192
357
89
18
87
32
400
133
77
76
202
75
178
107
106
32
59
134
210
13
1
145
140
59
100
183
76
98
106
329
79
112
21
79
33
7
100
337
184
277
528
165
95
75
14
95
101
18
159
64
107
118
91
165
129
75
103
283
46
176
254
31
72
241
118
139
21
14
54
76
53
7
12
183
215
128
41
87
21
11
126
131
103
34
43
110
147
8
65
117
34
232
33
30
16
27
406
47
113
38
33
236
27
43
349
49
174
137
203
141
137
165
90
40
91
15
135
1247
37
377
346
102
90
36
114
35
15
114
58
113
170
27
163
249
356
24
42
110
59
101
287
76
61
74
687
139
203
132
205
79
67
35
443
159
215
122
57
122
276
139
76
88
59
19
135
168
124
370
95
249
192
91
155
176
72
122
86
53
88
136
20
29
140
221
282
105
75
35
122
61
185
12
86
95
217
210
6
2
33
98
115
302
213
448
168
29
79
161
290
111
221
184
137
36
79
40
137
215
232
69
65
298
228
181
204
83
177
136
141
85
33
26
136
156
47
5
80
5
5
86
172
194
33
27
24
25
178
137
68
66
90
53
365
135
406
245
315
254
62
162
25
76
242
331
121
50
10
297
71
178
83
17
90
111
55
10
345
203
249
182
359
22
29
158
733
41
70
367
475
390
171
82
247
49
150
51
51
26
11
42
15
134
106
129
197
33
178
37
267
124
42
164
66
49
123
48
188
89
66
117
77
163
41
134
194
55
23
148
31
186
58
64
150
14
100
124
109
303
198
62
213
73
192
219
109
105
148
192
21
85
87
27
85
229
126
171
103
38
41
123
158
13
152
26
140
54
199
126
186
41
45
85
92
5
108
220
136
124
158
77
78
46
171
73
348
59
199
347
119
130
105
42
32
63
117
141
174
93
87
163
49
202
15
84
114
16
198
78
259
80
253
133
193
137
112
102
86
55
128
67
54
190
162
104
67
216
34
46
55
44
26
15
58
429
63
101
27
135
111
116
313
86
80
51
71
328
131
232
189
169
27
58
67
367
65
184
227
208
109
238
274
38
136
97
33
14
61
51
370
54
150
168
83
160
43
24
259
252
3
20
47
18
22
13
184
91
449
94
45
115
103
31
18
63
53
94
17
81
39
34
65
65
97
216
56
352
192
30
47
154
61
122
193
287
166
96
131
141
76
99
65
39
69
67
474
155
80
178
157
90
117
54
296
114
4
105
157
330
326
134
33
45
42
20
167
30
30
90
24
30
51
236
81
146
91
17
175
76
183
162
148
314
197
14
144
171
172
56
87
18
34
42
162
22
388
40
5
13
615
25
41
206
110
178
12
151
65
91
41
72
26
231
49
136
75
36
80
108
70
63
54
191
193
17
148
99
42
184
176
97
108
102
280
51
65
105
458
77
20
105
134
106
105
135
170
96
132
196
33
105
239
64
74
16
145
272
157
59
173
148
196
161
30
71
64
67
228
89
6
210
156
41
118
35
14
179
1
42
21
153
8
157
64
127
105
44
152
132
61
54
429
121
29
137
80
30
24
31
42
106
36
12
46
39
60
95
112
176
6
177
9
22
25
58
150
78
140
22
16
58
1
6
11
108
305
18
88
7
158
249
85
87
28
77
79
29
55
57
70
123
112
14
27
19
214
38
151
76
57
305
202
147
429
57
55
193
5
21
141
182
71
22
107
139
46
119
61
132
62
28
99
76
95
86
45
164
23
168
144
172
179
57
83
53
55
39
85
44
6
7
124
104
70
65
103
185
16
208
161
282
208
29
47
122
174
93
157
44
70
63
70
335
334
41
160
15
204
261
30
212
283
99
99
97
25
160
187
104
104
69
18
172
86
118
88
70
16
29
159
268
39
74
32
50
78
73
130
110
25
178
113
49
36
179
102
120
33
68
37
21
22
60
93
165
102
174
100
56
111
174
53
94
168
67
60
187
16
77
32
144
23
127
41
25
98
42
163
58
27
79
200
63
53
108
83
229
27
72
246
8
122
41
178
120
10
33
10
38
231
45
182
151
44
97
41
67
187
97
20
74
109
75
29
96
77
61
71
247
4
106
32
262
49
90
78
104
91
15
45
97
45
1
162
21
97
92
113
64
169
131
78
158
79
60
98
12
26
89
104
170
87
18
60
180
32
44
159
57
306
16
135
129
30
210
48
181
171
121
85
237
13
45
36
81
462
231
57
18
66
95
66
34
30
318
111
113
65
30
329
118
50
38
165
30
40
22
253
57
76
72
78
104
58
61
258
71
169
88
26
90
250
128
244
86
81
35
46
98
35
68
197
202
87
338
29
99
34
39
11
23
32
394
412
114
205
104
286
14
39
144
66
171
89
143
162
61
7
9
17
164
163
146
211
52
75
168
133
66
35
111
2
89
414
68
91
221
60
11
343
22
34
43
214
189
132
97
110
98
91
52
45
44
73
47
124
154
169
107
86
25
51
174
47
48
29
198
79
79
35
67
92
76
65
104
176
27
15
72
150
203
125
187
163
29
37
146
158
166
88
58
166
91
7
70
11
42
48
173
122
80
48
1
1
36
1
1
240
31
44
99
21
17
119
65
646
49
11
56
54
137
56
237
40
57
41
39
31
17
32
76
168
151
74
12
221
36
28
35
19
115
343
67
114
195
129
86
85
29
86
100
102
61
34
58
81
302
33
195
65
101
90
16
8
26
130
67
120
118
119
214
74
59
10
4
75
12
50
104
95
143
138
158
38
129
65
230
58
154
144
161
228
89
343
20
119
23
18
50
76
114
112
61
264
49
176
47
116
319
119
105
98
77
66
108
313
164
65
154
200
127
152
127
156
63
40
16
25
46
125
149
6
24
72
50
38
60
62
63
83
68
188
3
129
240
306
25
135
43
82
62
2
409
10
65
86
89
155
83
71
130
82
21
57
136
218
86
135
117
15
70
92
117
83
49
74
60
94
87
4
125
54
221
85
124
81
77
192
41
40
148
24
62
10
43
172
222
56
109
94
68
155
60
168
495
121
166
44
20
33
14
46
134
53
94
24
24
67
149
69
43
140
65
54
10
60
59
13
102
2
26
32
23
120
319
38
2
5
57
70
18
54
50
334
66
53
184
44
39
123
39
35
43
61
232
15
47
70
76
132
101
81
83
62
20
26
262
40
65
103
66
69
43
99
100
67
52
57
6
28
9
9
35
210
132
123
62
114
51
115
70
172
41
32
17
108
134
32
272
92
43
42
189
89
198
51
125
5
184
208
38
108
402
16
36
86
87
173
28
111
112
114
43
66
104
142
13
22
15
75
89
159
24
19
125
117
42
128
132
69
8
12
25
81
81
36
74
51
75
77
135
18
67
20
40
105
222
226
45
37
98
36
1
116
64
13
70
64
35
69
8
14
39
50
98
204
119
165
109
115
61
117
107
107
63
91
59
22
32
81
12
45
109
51
177
111
144
18
20
165
21
6
133
40
30
73
57
94
90
28
67
78
13
16
43
85
91
115
20
22
1
46
7
40
218
26
51
97
116
100
62
94
47
134
53
39
29
52
11
22
66
71
54
37
24
101
17
57
107
73
83
109
39
124
24
78
335
149
21
229
80
48
7
118
50
108
98
22
63
101
91
314
25
57
27
162
289
62
36
51
26
36
40
96
82
70
134
12
224
137
163
18
113
155
86
37
101
34
47
58
7
28
61
61
52
75
9
49
7
58
111
37
158
85
58
27
84
24
19
9
9
35
126
210
77
7
25
60
152
87
70
36
149
68
228
128
389
16
98
110
32
212
83
92
74
329
51
130
104
15
40
28
53
113
338
190
155
37
141
76
58
92
44
11
77
51
50
47
219
38
46
46
7
66
16
23
205
47
72
266
177
24
78
75
128
111
90
93
164
32
59
35
106
102
33
92
96
41
192
284
75
4
27
65
70
38
102
41
40
51
28
16
19
36
24
34
104
156
124
36
97
42
65
56
102
155
170
121
59
43
246
122
19
132
44
34
98
10
8
1
53
27
66
113
159
106
303
52
19
17
104
27
18
8
9
140
57
75
38
201
65
41
36
59
167
139
169
183
162
159
17
74
103
136
52
77
95
163
83
66
159
178
106
154
37
33
34
68
58
69
7
30
39
77
21
80
82
17
46
86
35
26
133
58
25
92
56
33
53
9
103
92
133
72
51
80
108
52
104
29
60
226
38
74
35
22
42
83
17
38
130
204
132
25
8
30
37
78
202
102
11
110
52
25
27
93
52
38
29
51
109
149
57
86
53
47
81
203
124
88
56
50
78
23
51
111
32
35
38
90
143
58
145
31
92
32
73
26
29
73
96
27
108
15
116
24
64
96
6
5
23
77
42
56
85
109
105
50
101
87
13
174
63
48
75
6
73
224
33
103
55
41
55
11
75
19
14
19
137
136
43
12
41
18
55
7
15
93
61
23
24
19
27
74
74
44
2
5
63
84
30
54
49
42
44
5
128
20
103
12
28
19
26
28
28
50
137
35
26
147
100
124
144
68
24
40
38
26
146
2
68
106
9
138
23
37
11
11
25
151
252
219
49
48
81
48
42
262
93
20
28
76
19
84
8
315
42
5
43
85
36
207
28
42
68
141
29
9
106
126
216
16
49
30
9
81
57
78
44
29
29
30
146
104
127
27
26
35
59
121
105
23
1
52
100
74
154
108
9
54
81
54
85
89
67
115
22
116
5
60
78
38
34
161
32
21
25
18
92
1
19
65
51
112
55
19
19
20
296
65
16
108
258
296
72
136
177
24
211
154
34
122
25
31
74
94
45
56
59
71
57
82
40
41
16
182
24
35
44
68
119
50
22
46
7
83
56
11
65
49
102
62
22
40
114
14
33
122
54
29
77
44
43
31
20
9
10
101
50
97
65
89
6
12
60
119
90
81
34
51
100
43
24
23
34
59
40
107
16
56
85
15
88
48
7
47
43
83
14
81
82
154
86
121
12
154
32
41
19
10
42
88
29
68
155
28
37
19
65
80
39
114
70
243
26
68
13
42
55
62
59
57
42
148
256
76
30
37
16
59
67
24
40
28
10
4
72
94
50
132
80
52
73
73
22
36
6
2
68
100
176
15
75
86
55
70
244
12
84
16
6
73
6
23
5
4
35
71
7
2
44
76
37
99
66
15
40
63
12
12
68
34
25
38
6
14
37
46
65
72
199
87
90
49
238
87
10
179
14
26
306
104
22
8
73
36
11
37
31
121
66
93
66
82
152
133
17
42
8
185
34
102
42
63
42
13
5
8
30
233
68
53
288
64
18
14
32
34
28
45
53
48
45
105
77
54
74
31
56
47
81
5
43
24
51
57
68
138
73
69
13
70
71
22
57
74
248
20
48
122
111
36
27
41
61
83
19
19
20
48
1
1
49
8
11
157
171
8
173
101
39
80
126
73
49
2
4
68
80
83
29
30
18
34
8
50
63
125
70
81
25
44
45
151
2
11
52
70
30
18
39
24
42
11
47
40
83
19
108
41
124
35
112
117
100
92
80
101
12
53
17
18
40
27
105
20
80
20
60
62
83
66
48
77
53
67
108
145
17
24
41
168
53
56
140
20
31
25
9
2
5
3
6
54
107
9
79
271
24
46
27
11
4
3
1
17
47
26
28
220
36
253
85
28
9
51
82
35
50
57
32
134
90
12
8
38
25
40
5
50
3
19
76
17
86
65
122
58
13
4
23
44
18
3
31
17
122
131
118
73
11
11
79
100
43
8
2
8
105
49
113
71
171
37
20
113
23
187
59
47
7
23
72
153
103
177
24
72
41
34
43
74
105
59
53
35
63
104
16
53
10
6
64
90
47
99
14
54
121
57
30
60
104
27
32
56
34
32
24
85
51
94
12
40
73
26
134
44
47
36
10
122
49
9
27
17
40
1
1
40
41
39
40
30
10
157
60
4
23
121
20
81
117
61
27
76
63
22
50
5
2
5
38
117
49
67
129
68
10
21
29
19
25
31
43
12
202
98
44
95
47
93
45
39
185
29
54
140
17
65
73
17
63
47
62
195
22
68
9
4
48
5
106
5
6
74
16
11
82
30
28
81
10
37
140
18
25
37
29
15
31
50
19
8
51
55
48
83
57
10
16
17
18
4
5
12
30
1
255
29
25
49
9
53
2
67
46
2
31
32
17
94
43
118
31
24
58
66
88
43
91
86
6
48
34
69
52
101
64
11
44
123
7
138
114
36
62
69
11
106
7
53
45
23
66
23
16
55
104
96
58
56
9
28
53
29
64
16
24
66
23
102
21
50
98
27
31
30
26
88
97
19
87
23
42
70
52
32
19
3
70
131
39
34
87
97
49
119
43
49
51
11
123
57
34
45
37
30
33
49
39
84
126
3
3
2
5
55
147
2
63
109
12
20
14
56
142
64
192
34
61
61
87
21
78
13
23
27
35
44
141
74
10
42
20
72
34
43
33
59
20
29
280
90
36
40
82
34
53
172
61
30
34
55
74
32
91
22
111
84
67
36
44
158
16
20
19
7
61
61
53
116
96
166
21
21
38
64
19
40
17
42
23
6
35
16
9
106
38
107
83
97
83
19
46
147
51
43
19
21
30
67
47
53
39
19
49
51
127
98
34
68
27
66
4
44
88
13
4
46
16
68
13
36
21
67
21
10
57
92
186
79
20
11
12
62
53
14
112
73
34
58
20
22
32
60
48
68
35
71
64
74
94
49
65
27
79
18
51
111
13
70
59
137
16
30
95
25
58
39
23
54
24
79
93
127
105
36
7
99
27
167
37
156
10
22
136
69
27
19
27
122
78
13
147
25
45
66
45
72
72
98
103
50
33
15
34
34
33
54
10
5
57
75
69
15
56
58
28
63
62
98
50
28
22
32
111
18
80
27
158
70
14
130
63
16
17
43
9
42
15
52
14
32
56
23
52
68
18
43
23
21
29
75
5
67
83
8
79
68
195
129
49
63
53
49
26
79
43
4
54
53
90
43
138
21
52
38
20
69
10
127
134
72
43
21
44
44
54
9
347
38
31
34
50
15
66
111
19
66
68
71
32
99
93
8
44
53
36
8
45
47
94
134
24
18
90
40
127
10
16
32
15
27
26
77
35
8
1
25
34
23
78
53
14
114
33
26
32
60
16
28
49
18
28
5
101
15
79
85
19
36
55
47
10
45
52
71
27
131
48
34
31
91
68
13
49
74
73
58
58
52
102
1
86
129
28
19
83
82
21
52
49
58
92
37
77
24
39
62
5
26
22
27
54
13
47
60
39
74
61
86
35
19
2
4
162
41
78
104
124
73
53
81
63
7
10
28
23
12
259
10
67
39
36
4
8
17
85
53
85
81
127
14
111
62
13
40
25
31
56
11
51
122
26
80
51
15
28
48
28
23
36
20
21
11
70
73
19
50
142
17
29
121
56
45
36
51
36
69
30
8
32
14
39
29
20
17
62
25
16
22
74
114
35
38
48
86
87
8
64
77
30
17
46
48
2
41
33
44
40
46
37
24
29
39
37
6
4
21
22
145
76
48
22
81
67
35
193
53
34
26
30
39
30
90
19
76
126
61
25
84
18
84
7
7
38
15
52
90
49
9
39
8
12
31
57
13
14
57
96
4
29
13
67
9
27
34
13
37
98
50
55
70
55
8
63
27
66
10
45
25
13
78
76
34
7
67
10
13
60
110
14
44
38
36
19
52
25
18
15
6
56
91
23
8
44
87
14
15
34
35
124
76
39
40
30
43
55
14
20
41
29
95
75
29
7
94
26
47
14
59
30
50
14
43
80
50
30
5
33
73
39
38
1
72
15
119
14
114
53
11
58
87
25
36
17
72
58
63
11
26
19
21
35
46
2
19
49
41
10
19
38
26
124
19
5
34
43
30
34
16
31
19
12
10
29
39
47
36
34
159
70
19
4
10
117
29
64
23
6
14
23
48
50
32
22
10
30
28
13
29
32
31
15
42
19
10
46
121
59
26
30
36
131
19
25
78
50
38
63
5
82
50
53
37
52
38
20
41
51
23
7
22
45
33
34
19
21
26
17
148
18
33
48
43
72
17
17
15
40
52
27
46
31
52
26
2
33
20
82
72
12
13
18
62
16
31
3
14
44
15
81
83
25
9
82
102
27
14
24
33
11
33
37
36
80
54
37
10
40
42
24
6
67
24
26
57
10
76
47
94
35
13
114
13
76
35
34
24
51
20
30
27
25
54
41
49
13
18
5
23
73
17
48
32
68
4
18
26
23
21
73
22
13
17
37
43
48
59
62
12
36
16
51
35
13
27
51
23
37
2
3
81
39
20
5
9
97
41
134
83
18
12
9
29
18
34
4
37
29
25
29
18
78
39
29
11
29
51
27
15
36
28
6
52
61
28
3
16
3
27
36
19
9
26
28
84
64
39
14
19
11
2
21
22
17
38
42
41
16
12
23
64
42
13
56
31
10
4
40
65
2
4
37
28
55
55
34
14
27
32
51
7
14
24
69
14
21
22
37
26
17
29
13
34
30
39
28
30
43
16
77
18
39
16
56
14
56
5
16
21
29
121
23
17
27
32
75
25
21
9
20
11
18
8
17
69
27
24
4
18
36
42
24
4
9
22
9
21
17
27
51
1
34
25
11
33
57
35
25
6
6
11
45
55
75
5
11
16
43
4
10
32
21
14
20
4
21
26
2
14
41
5
3
25
27
45
25
5
9
81
66
80
30
17
52
30
24
27
62
39
16
8
18
23
35
33
35
8
28
48
8
71
25
29
18
8
66
34
41
37
8
40
42
25
14
4
70
8
65
73
18
33
42
20
22
51
24
1
11
22
14
18
23
19
32
35
21
11
2
8
32
26
14
28
11
19
7
3
27
33
5
17
18
40
14
8
31
90
16
56
5
32
21
33
25
32
21
12
29
35
1
25
11
11
13
24
9
3
41
28
26
52
60
7
46
5
21
21
73
13
48
21
52
25
30
24
15
3
38
17
73
30
19
23
5
5
5
4
21
40
11
25
16
38
15
6
36
23
25
57
8
5
17
10
11
10
2
21
18
21
4
20
4
44
8
31
32
7
9
28
16
22
6
8
10
9
11
8
2
2
9
31
7
25
6
13
31
27
4
25
5
17
16
7
9
15
42
6
12
8
16
25
26
65
9
13
11
23
9
34
15
22
9
10
16
26
7
3
28
2
12
48
31
4
13
16
11
5
17
15
16
15
20
32
14
11
5
5
6
1
24
11
11
14
13
22
12
1
8
25
11
9
21
6
34
6
5
36
16
33
15
31
22
10
4
24
11
11
84
4
6
28
13
18
25
7
15
12
19
17
12
5
26
50
2
25
11
6
3
9
2
12
18
12
4
10
18
5
20
2
11
18
10
10
23
18
20
21
19
40
25
8
17
27
42
13
5
39
6
10
6
11
23
18
21
9
4
1
8
8
4
4
13
3
42
8
15
32
17
8
1
29
11
8
16
7
21
2
18
8
19
14
33
17
20
9
4
2
2
28
7
10
8
24
8
4
8
38
15
13
4
9
9
4
7
22
16
30
12
6
3
18
12
5
14
6
7
6
32
15
7
17
12
2
10
7
3
8
9
8
9
19
12
6
6
6
6
1
7
29
27
14
25
9
33
6
8
16
9
11
14
5
18
4
8
3
3
4
2
2
9
7
12
24
2
13
13
11
16
6
3
15
4
10
7
14
10
9
2
17
8
25
10
9
8
17
6
3
13
9
12
21
5
5
11
20
11
2
21
33
1
2
5
8
15
4
16
5
2
5
11
19
2
3
3
1
2
4
6
6
4
7
6
9
1
11
4
4
14
9
14
2
1
11
4
3
4
5
4
3
2
4
8
7
1
3
3
9
5
15
1
3
2
1
11
12
2
9
5
10
12
5
2
2
1
10
7
4
2
2
6
2
19
2
5
13
1
3
2
3
1
25
2
2
4
2
9
12
8
16
4
5
4
6
4
10
1
8
12
7
2
2
8
1
2
4
2
1
4
1
7
1
4
2
1
1
1
4
3
14
1
10
3
3
1
3
1
1
2
7
2
1
1
1
1
3
5
3
1
1
2
2
5
1
1
3
1
1
1
1
2
11
2
4
4
3
2
3
3
4
3
1
3
3
2
1
2
5
1
1
1
1
1
1
1
1
1
2
2
1
1
1
1
1
